995 , 1109
1042 , 1161
1027 , 1141
976 , 1086
980 , 1098
1052 , 1185
1150 , 1301
1222 , 1383
1289 , 1465
1409 , 1606
1552 , 1771
1625 , 1850
1617 , 1839
1618 , 1844
1655 , 1886
1682 , 1916
1670 , 1900
1706 , 1948
1840 , 2104
2015 , 2305
2173 , 2482
2240 , 2553
2254 , 2568
2240 , 2551
2195 , 2499
2154 , 2454
2132 , 2432
2189 , 2503
2319 , 2651
2426 , 2772
2549 , 2916
2819 , 3233
3265 , 3741
3688 , 4208
4074 , 4649
4737 , 5407
5922 , 6719
7916 , 8858
10306 , 11162
12066 , 12474
12771 , 12551
14034 , 13267
15072 , 14044
15558 , 14363
15928 , 14608
16197 , 14789
16368 , 14916
16480 , 15006
16564 , 15060
16623 , 15099
16691 , 15145
16775 , 15199
16860 , 15250
16926 , 15288
17001 , 15331
17073 , 15371
17127 , 15401
17164 , 15423
17179 , 15434
17203 , 15449
17252 , 15476
17310 , 15509
17359 , 15536
17395 , 15555
17429 , 15572
17469 , 15592
17510 , 15615
17541 , 15631
17553 , 15638
17569 , 15646
17589 , 15656
17606 , 15665
17626 , 15676
17643 , 15685
17653 , 15689
17673 , 15699
17710 , 15716
17719 , 15719
17693 , 15704
17667 , 15692
17651 , 15685
17648 , 15685
17655 , 15689
17665 , 15695
17668 , 15697
17672 , 15699
17683 , 15705
17701 , 15714
17721 , 15723
17727 , 15727
17723 , 15724
17724 , 15724
17729 , 15726
17737 , 15730
17744 , 15734
17752 , 15737
17759 , 15742
17765 , 15745
17771 , 15747
17775 , 15749
17776 , 15748
17774 , 15746
17773 , 15747
17781 , 15749
17786 , 15750
17784 , 15748
17782 , 15747
17784 , 15748
17787 , 15749
17788 , 15748
17781 , 15744
17764 , 15734
17733 , 15717
17697 , 15698
17660 , 15679
17626 , 15661
17600 , 15649
17585 , 15643
17577 , 15639
17578 , 15637
17582 , 15641
17588 , 15643
17587 , 15643
17588 , 15643
17596 , 15646
17603 , 15649
17599 , 15647
17584 , 15639
17578 , 15636
17581 , 15638
17589 , 15641
17598 , 15645
17602 , 15647
17603 , 15648
17608 , 15650
17619 , 15654
17627 , 15658
17633 , 15660
17635 , 15662
17636 , 15660
17639 , 15661
17646 , 15664
17658 , 15670
17672 , 15676
17689 , 15683
17696 , 15685
17673 , 15673
17630 , 15651
17584 , 15628
17546 , 15610
17520 , 15598
17507 , 15591
17503 , 15589
17502 , 15589
17504 , 15590
17505 , 15591
17505 , 15590
17504 , 15589
17498 , 15585
17490 , 15580
17488 , 15579
17494 , 15581
17496 , 15582
17493 , 15580
17494 , 15581
17500 , 15583
17507 , 15586
17521 , 15592
17537 , 15599
17544 , 15602
17540 , 15600
17530 , 15595
17521 , 15590
17517 , 15587
17513 , 15584
17506 , 15579
17494 , 15573
17494 , 15573
17506 , 15578
17519 , 15584
17515 , 15579
17478 , 15560
17420 , 15531
17369 , 15505
17331 , 15487
17302 , 15474
17287 , 15467
17278 , 15462
17272 , 15459
17270 , 15459
17276 , 15461
17287 , 15467
17305 , 15475
17313 , 15476
17302 , 15472
17294 , 15467
17295 , 15467
17293 , 15466
17284 , 15461
17270 , 15453
17267 , 15451
17284 , 15459
17309 , 15470
17327 , 15479
17337 , 15483
17346 , 15487
17353 , 15490
17360 , 15493
17365 , 15496
17375 , 15499
17391 , 15506
17408 , 15514
17417 , 15517
17417 , 15517
17418 , 15517
17426 , 15521
17441 , 15527
17457 , 15533
17465 , 15536
17445 , 15524
17397 , 15499
17344 , 15473
17298 , 15451
17270 , 15438
17255 , 15432
17254 , 15431
17263 , 15436
17273 , 15441
17279 , 15445
17283 , 15447
17291 , 15449
17299 , 15453
17296 , 15451
17279 , 15443
17263 , 15434
17254 , 15429
17248 , 15427
17248 , 15426
17246 , 15424
17258 , 15430
17279 , 15440
17295 , 15448
17306 , 15453
17316 , 15457
17327 , 15462
17343 , 15469
17359 , 15476
17369 , 15482
17378 , 15484
17386 , 15489
17398 , 15494
17409 , 15499
17415 , 15501
17423 , 15505
17433 , 15509
17445 , 15514
17450 , 15517
17458 , 15521
17465 , 15524
17458 , 15519
17413 , 15495
17341 , 15458
17274 , 15426
17227 , 15403
17202 , 15391
17193 , 15387
17193 , 15387
17189 , 15386
17191 , 15388
17205 , 15395
17234 , 15409
17263 , 15423
17271 , 15427
17268 , 15426
17262 , 15423
17264 , 15423
17264 , 15424
17255 , 15420
17251 , 15417
17261 , 15422
17282 , 15432
17300 , 15440
17305 , 15442
17305 , 15442
17309 , 15444
17319 , 15448
17330 , 15454
17336 , 15456
17330 , 15453
17326 , 15451
17322 , 15448
17321 , 15447
17327 , 15450
17331 , 15451
17337 , 15453
17346 , 15458
17361 , 15464
17377 , 15472
17385 , 15477
17393 , 15480
17406 , 15485
17415 , 15488
17396 , 15477
17338 , 15449
17267 , 15414
17205 , 15383
17165 , 15365
17139 , 15352
17126 , 15346
17125 , 15347
17139 , 15354
17155 , 15362
17167 , 15369
17182 , 15377
17199 , 15385
17208 , 15390
17205 , 15388
17195 , 15382
17188 , 15380
17189 , 15380
17194 , 15383
17195 , 15384
17193 , 15383
17187 , 15379
17186 , 15378
17193 , 15381
17200 , 15385
17198 , 15383
17198 , 15383
17210 , 15389
17224 , 15396
17233 , 15400
17242 , 15404
17259 , 15413
17274 , 15420
17280 , 15423
17289 , 15428
17309 , 15437
17328 , 15448
17339 , 15452
17344 , 15454
17348 , 15455
17355 , 15459
17370 , 15466
17388 , 15475
17405 , 15482
17392 , 15473
17337 , 15445
17273 , 15413
17221 , 15388
17181 , 15371
17166 , 15364
17160 , 15362
17165 , 15365
17175 , 15371
17184 , 15377
17201 , 15385
17223 , 15396
17233 , 15402
17233 , 15402
17229 , 15399
17229 , 15398
17220 , 15394
17208 , 15389
17203 , 15386
17212 , 15392
17233 , 15402
17247 , 15409
17251 , 15411
17260 , 15415
17274 , 15421
17288 , 15428
17304 , 15436
17314 , 15441
17319 , 15443
17318 , 15441
17314 , 15440
17316 , 15441
17324 , 15445
17334 , 15449
17350 , 15457
17365 , 15463
17378 , 15470
17395 , 15478
17408 , 15484
17416 , 15488
17415 , 15488
17413 , 15486
17416 , 15487
17418 , 15488
17395 , 15474
17331 , 15441
17252 , 15401
17193 , 15373
17162 , 15361
17166 , 15362
17191 , 15376
17226 , 15395
17259 , 15412
17286 , 15426
17309 , 15437
17334 , 15450
17357 , 15460
17357 , 15461
17344 , 15455
17329 , 15447
17316 , 15440
17315 , 15440
17323 , 15444
17341 , 15453
17368 , 15466
17397 , 15481
17420 , 15491
17434 , 15499
17449 , 15505
17457 , 15509
17458 , 15509
17456 , 15508
17456 , 15507
17454 , 15506
17450 , 15503
17443 , 15500
17431 , 15494
17421 , 15488
17417 , 15486
17416 , 15484
17411 , 15482
17411 , 15481
17407 , 15479
17407 , 15478
17411 , 15480
17415 , 15481
17393 , 15468
17336 , 15440
17265 , 15405
17200 , 15373
17145 , 15347
17109 , 15330
17103 , 15329
17120 , 15339
17136 , 15347
17142 , 15351
17152 , 15357
17164 , 15362
17178 , 15370
17189 , 15374
17187 , 15373
17166 , 15362
17142 , 15351
17130 , 15344
17131 , 15346
17142 , 15352
17153 , 15357
17168 , 15365
17187 , 15374
17202 , 15381
17213 , 15386
17229 , 15394
17250 , 15404
17270 , 15414
17290 , 15423
17297 , 15426
17299 , 15427
17304 , 15429
17313 , 15433
17325 , 15439
17329 , 15439
17324 , 15438
17321 , 15436
17331 , 15441
17346 , 15448
17356 , 15452
17353 , 15450
17325 , 15434
17264 , 15403
17188 , 15366
17123 , 15334
17074 , 15311
17050 , 15300
17050 , 15302
17067 , 15311
17082 , 15319
17092 , 15325
17106 , 15331
17133 , 15344
17160 , 15359
17175 , 15365
17167 , 15361
17150 , 15352
17145 , 15349
17150 , 15352
17160 , 15357
17174 , 15364
17192 , 15372
17208 , 15381
17222 , 15387
17240 , 15396
17258 , 15405
17274 , 15412
17294 , 15421
17307 , 15427
17315 , 15430
17318 , 15432
17328 , 15436
17342 , 15444
17355 , 15450
17358 , 15451
17360 , 15451
17369 , 15456
17396 , 15469
17425 , 15483
17438 , 15489
17444 , 15492
17445 , 15490
17412 , 15472
17344 , 15438
17268 , 15400
17213 , 15373
17189 , 15361
17185 , 15360
17194 , 15365
17204 , 15371
17215 , 15377
17234 , 15387
17254 , 15396
17265 , 15401
17267 , 15401
17257 , 15396
17243 , 15388
17228 , 15381
17217 , 15374
17206 , 15369
17202 , 15366
17211 , 15371
17226 , 15378
17238 , 15383
17246 , 15387
17256 , 15392
17266 , 15396
17276 , 15402
17288 , 15408
17308 , 15416
17327 , 15425
17341 , 15432
17348 , 15436
