17851
17816
17807
17811
17819
17827
17838
17859
17885
17901
17898
17887
17879
17877
17881
17890
17909
17937
17874
17861
17848
17841
17842
17850
17862
17883
17912
17942
17966
17986
18002
18016
18028
18038
18050
18064
18076
18088
18099
18110
18124
18137
18149
18160
18169
18161
18088
17948
17852
17808
17796
17797
17802
17803
17805
17812
17823
17952
17872
17837
17834
17841
17848
17854
17872
17906
17943
17963
17964
17954
17948
17954
17969
17986
18001
18017
18038
18060
18077
18089
18102
18116
18130
18140
18149
18156
18164
18171
18178
18185
18191
18197
18201
18184
18086
17931
18148
18157
18164
18164
18124
17979
17849
17781
17752
17741
17738
17737
17734
17730
17736
17750
17766
17774
17776
17775
17775
17780
17788
17801
17814
17825
17833
17839
17849
17863
17880
17901
17929
17960
17994
18023
18047
18066
18080
17963
17982
18002
18023
18043
18063
18080
18095
18108
18123
18136
18146
18154
18163
18168
18141
18009
17858
17780
17757
17757
17764
17772
17778
17786
17807
17836
17855
17859
17851
17844
17844
17851
17868
17889
17911
17931
17950
17968
17803
17815
17834
17862
17896
17936
17976
18012
18044
18072
18095
18110
18123
18136
18147
18158
18166
18175
18183
18191
18198
18203
18208
18213
18206
18146
17977
17849
17798
17789
17795
17805
17813
17823
17843
17870
17884
17884
17874
17810
17820
17832
17851
17874
17888
17888
17879
17868
18053
17875
17888
17904
17924
17949
17981
18012
18034
18052
18066
18082
18098
18113
18128
18142
18157
18169
18180
18189
18196
18205
18214
18222
18217
18168
18022
17901
17851
17843
18271
18267
18218
18081
17950
17903
17893
17909
17936
17968
18005
18054
18101
18129
18138
18136
18131
18132
18141
18157
18175
18192
18205
18216
18225
18232
18237
18242
18245
18248
18253
18255
18259
18265
18271
18276
18283
18288
18293
18210
18218
18229
18241
18251
18259
18257
18205
18045
17924
17875
17867
17877
17892
17906
17919
17938
17963
17977
17971
17949
17926
17914
17914
17922
17939
17961
17982
17999
18014
18030
18047
18060
18071
18083
18099
18114
18128
18144
17957
17958
17963
17970
17977
17988
18005
18027
18049
18070
18093
18119
18140
18152
18121
17988
17863
17806
17789
17792
17803
17817
17830
17847
17873
17895
17904
17902
17896
17891
17891
17898
17912
17931
17950
17967
17983
17999
18013
17912
17934
17966
18001
18031
18053
18069
18083
18093
18100
18107
18115
18127
18137
18149
18164
18181
18195
18208
18220
18229
18230
18199
18069
17922
17850
17827
17830
17843
17857
17873
17895
17926
17946
17947
17934
17916
17903
17902
17957
17980
17984
17977
17976
17981
17991
18009
18032
18054
18069
18081
18089
18094
18098
18103
18111
18118
18122
18127
18130
18138
18150
18163
18175
18186
18195
18164
18030
17899
17834
17814
17813
17823
17838
17852
17871
17900
17933
17792
17799
17808
17819
17838
17856
17862
17854
17841
17834
17836
17843
17852
17863
17878
17895
17909
17919
17929
17940
17948
17953
17958
17963
17970
17977
17983
17990
17999
18011
18025
18040
18053
18033
17932
17818
17761
17736
17731
18069
18092
18099
18034
17889
17788
17747
17733
17736
17742
17746
17749
17762
17781
17792
17788
17778
17771
17769
17771
17778
17790
17800
17807
17813
17821
17833
17846
17853
17860
17871
17880
17886
17892
17907
17926
17942
17954
17967
17947
17970
17995
18019
18044
18068
18089
18105
18112
18072
17915
17767
17705
17686
17685
17690
17694
17694
17697
17710
17724
17730
17724
17716
17713
17717
17722
17733
17747
17762
17775
17787
17797
17806
17813
17821
17830
17838
17846
17931
17955
17976
17989
17995
18000
18005
18008
18011
18018
18026
18035
18036
18037
18043
18052
18057
18057
18048
17979
17838
17730
17683
17668
17668
17673
17676
17679
17692
17713
17731
17739
17736
17731
17732
17738
17752
17773
17799
17732
17750
17754
17751
17749
17748
17754
17768
17789
17810
17826
17839
17856
17876
17895
17911
17925
17936
17948
17961
17978
17997
18017
18033
18044
18054
18067
18082
18097
18111
18126
18135
18111
17964
17793
17715
17695
17699
17711
18135
18149
18162
18174
18183
18179
18114
17935
17806
17756
17753
17772
17798
17824
17851
17893
17948
17992
18014
18019
18018
18022
18037
18059
18086
18113
18135
18150
18160
18170
18179
18184
18189
18194
18200
18206
18212
18219
18223
17928
17952
17981
18014
18042
18069
18094
18116
18133
18148
18163
18178
18191
18202
18211
18220
18228
18233
18236
18237
18239
18240
18226
18163
18079
18030
18033
18050
18066
18082
18103
18131
18157
18172
18178
18176
18169
18163
18160
17912
17947
17994
18049
18092
18116
18121
18122
18131
18149
18168
18183
18197
18209
18221
18230
18237
18243
18247
18252
18256
18260
18264
18269
18273
18275
18278
18281
18286
18289
18291
18292
18294
18277
18169
17966
17861
17820
17814
18275
18279
18283
18281
18228
18058
17910
17851
17834
17835
17848
17863
17876
17895
17919
17933
17929
17913
17899
17895
17899
17908
17922
17945
17970
17991
18010
18030
18053
18071
18082
18094
18108
18121
18133
18144
18153
18162
18171
18008
18023
18036
18047
18055
18060
18069
18083
18097
18108
18118
18130
18143
18152
18157
18160
18165
18156
18049
17876
17775
17736
17723
17724
17729
17734
17738
17747
17763
17776
17777
17768
17760
17758
17761
17766
17775
17792
17814
17772
17792
17808
17811
17803
17794
17784
17784
17794
17812
17833
17856
17881
17902
17915
17918
17924
17935
17941
17943
17946
17954
17966
17978
17991
18007
18023
18035
18042
18046
18051
18058
18070
18085
18101
18073
17935
17797
17740
18100
18119
18139
18156
18168
18176
18182
18174
18077
17890
17778
17737
17730
17735
17744
17748
17753
17762
17775
17783
17782
17773
17764
17761
17763
17772
17785
17802
17821
17837
17854
17874
17898
17915
17928
17942
17962
17982
18002
17864
17879
17890
17899
17899
17890
17891
17904
17921
17937
17960
17985
18010
18031
18047
18053
18054
18053
18043
17975
17841
17742
17691
17667
17660
17664
17672
17683
17700
17729
17759
17775
17773
17759
17741
17729
17724
17726
17730
17802
17786
17776
17775
17780
17792
17806
17822
17840
17865
17904
17948
17984
18002
18010
18014
18017
18008
17987
17966
17960
17964
17974
17986
17989
17938
17817
17718
17666
17645
17639
17642
17644
17645
17650
